$ANSIBLE_VAULT;1.1;AES256
65303366393930316637616439653165616464396366613235663838663232366366623730386363
3166333531313632366666303866633834343839376335620a373630396536636239323462636637
65383439366661363634626336353337363034623532626634663932616437386638646134393537
3434643366666534650a666432666133356566343037613565373039326134376233633463326238
37386463323839666336636162656639373266336262396664313566363965336437303135663766
32646430643437303932316432313531353936363466323261616531646165333733363831383130
37623363313965636264663062303832633461316532366130613037373635353066313133393663
35346361323435326661323931356531616433356433363964386639393131633939663831356431
35653862636561346562313366366336313037343434393339383236346232616133333532333564
63326235613938353364623332393266323066356361363637386139306430643233376431373136
36636266623439343264343632303864663936633262373136333366353763393238663061393433
37353465306439313735333761393033326335653237643633623062656563653862666339666263
37303134333261343634633531663565363162346661333863346437636232623564643465303266
37616235333236613466643632633064376331626563613534393033303034333161366163383436
65653333376432636161646261316237326463376364303864343831306562623532343833383833
32633335636537656437653531626332306334333733393631393364306436623238656266306333
39356462333062306436646531363338346439306231393865636539336632663230663939373139
62306335326235613765363731336236333030643734333533363530666333303962383834663536
33633139613937333863373164643338343030663439376464626465666439633663373137336465
61613561613530663331633738313935623531353630343036396366303562323465353963343335
62636566303866343166343663643264396165326230306531636439656265663261316337343538
32353739303135316662353834326164633861623464303135383862623665653762646139613032
65386662313063626139323961313961656334373064363836636238623164343536653733313631
31343462336135303231373139303031653033393835366435363435383236636539326461643965
63396232646138303363393932666536616538306532663064656465353632326537333434356232
39616337363134303131303564616635326633383865336136613561613631333339393362643830
34343436336635326436373434366665663730653939636664353237306532393361356637336235
31343831666161636637633134663931623437373738663262383839303734353664623537626237
34653337646639353538336236373964316331623166633639613336336639643631366163626561
62336234363536376361356363393030336362313230333361323361356130336433633164383533
39346536613464386234353231333833333336366265363631373438353566636634363430616261
33333763633833373565623039326334663565303834656230396530313239386534626261313964
32323630306533346331336531656131313432316539646131643934626663303465636666316562
35656332666135633939373737303961646235626232323161653665636539393930363438616134
64646261333737316139363533643531346362383734656436303362366234326432343466663937
64316234323265313431366431643064663230333438366665656263386239656234306366346365
61326164393135376165666263633731626331363230306364313562313030373139633138306664
34306634323434333536643138323638356139363762353763656261386239383266633166366631
65643164396661633834363966326262353335643965396433386535353066306138636237383061
38313263383238343765393037643835616465393263396563636134373264333937646439636433
33623565653437396239626466343834366264363037663238656237346336653966666531383230
39633365616662643333343134663234396532313161383334373463623565303665613734316266
30653866643236616266353563393862393536303836313134373361343561613766643135386366
32333262313761633335343765393732653264343465363031313734646466383063346533653963
65353161356334393338643432383635653564353563666630616462346466663434336163306439
35303861626666356363313438633064666161346337663230623536663663373162306331653266
62366235636131306535363065326265663161653631316233653661383964383062343866333164
36316661363264396139396366336634336136643930663739323238663235326661346531343962
37313637643862646364666332373435336564636137653937326333656366353932306637383231
31653432373939346438396233613838636631633664323630656134333134653430396565613637
35343035663564363234656435376130663837323431653334646539353631383836353536353832
66336133333261663033356563303163646133663564663664363838346134633732323939626336
62376466636134363566646437616639303866306132653964373463653862313561336135366432
35633936383737633532646235643966626266326536656361386566633262336534656434376437
30306566653462333264626261663238383936613866363561316139303433613935616235343162
63393765323938306134306161373063396333303934623232303661643561656365653138636561
65653862333533393130333261393630666132303931626531366531333961613661
